The Studentised range upper quantiles q(k, nu; 0.01)
-----------------------------------------------------------------------------------------------------------------------------------------------------------------------------
 nu  k->  2      3      4      5      6      7      8      9     10     11     12     13     14     15     16     17     18     19     20     50    100    200    500   1000
-----------------------------------------------------------------------------------------------------------------------------------------------------------------------------
  1   90.024 135.04 164.26 185.58 202.21 215.77 227.17 236.97 245.54 253.15 259.98 266.16 271.81 277.00 281.80 286.26 290.43 294.33 298.00 358.89 400.14 438.19 484.57 517.24
  2   14.036 19.019 22.294 24.717 26.629 28.201 29.530 30.679 31.689 32.589 33.398 34.134 34.806 35.426 36.000 36.534 37.034 37.502 37.943 45.328 50.381 55.067 60.802 64.852
  3    8.260 10.619 12.170 13.324 14.241 14.998 15.641 16.199 16.691 17.130 17.526 17.887 18.217 18.522 18.805 19.068 19.315 19.546 19.765 23.445 25.986 28.353 31.261 33.320
  4    6.511  8.120  9.173  9.958 10.583 11.101 11.542 11.925 12.264 12.567 12.840 13.090 13.318 13.530 13.726 13.909 14.081 14.242 14.394 16.972 18.765 20.443 22.511 23.978
  5    5.702  6.976  7.804  8.421  8.913  9.321  9.669  9.971 10.239 10.479 10.696 10.894 11.076 11.244 11.400 11.545 11.682 11.811 11.932 13.997 15.443 16.800 18.478 19.671
  6    5.243  6.331  7.033  7.556  7.972  8.318  8.612  8.869  9.097  9.300  9.485  9.653  9.808  9.951 10.084 10.208 10.325 10.434 10.538 12.308 13.553 14.726 16.179 17.215
  7    4.949  5.919  6.542  7.005  7.373  7.678  7.939  8.166  8.367  8.548  8.711  8.860  8.997  9.124  9.242  9.353  9.456  9.553  9.645 11.223 12.337 13.389 14.697 15.630
  8    4.745  5.635  6.204  6.625  6.959  7.237  7.474  7.680  7.863  8.027  8.176  8.311  8.436  8.552  8.659  8.760  8.854  8.943  9.027 10.467 11.489 12.456 13.660 14.521
  9    4.596  5.428  5.957  6.347  6.657  6.915  7.134  7.325  7.494  7.646  7.784  7.910  8.025  8.132  8.232  8.325  8.412  8.495  8.573  9.912 10.864 11.767 12.894 13.700
 10    4.482  5.270  5.769  6.136  6.428  6.669  6.875  7.054  7.213  7.356  7.485  7.603  7.712  7.812  7.906  7.993  8.075  8.153  8.226  9.485 10.383 11.237 12.303 13.068
-----------------------------------------------------------------------------------------------------------------------------------------------------------------------------
 11    4.392  5.146  5.621  5.970  6.247  6.476  6.671  6.841  6.992  7.127  7.250  7.362  7.464  7.560  7.648  7.731  7.809  7.883  7.952  9.148 10.002 10.816 11.834 12.564
 12    4.320  5.046  5.502  5.836  6.101  6.320  6.507  6.670  6.814  6.943  7.060  7.166  7.265  7.356  7.441  7.520  7.594  7.664  7.730  8.874  9.693 10.473 11.451 12.153
 13    4.260  4.964  5.404  5.726  5.981  6.192  6.372  6.528  6.666  6.791  6.903  7.006  7.100  7.188  7.269  7.345  7.417  7.484  7.548  8.648  9.436 10.188 11.133 11.811
 14    4.210  4.895  5.322  5.634  5.881  6.085  6.258  6.409  6.543  6.663  6.772  6.871  6.962  7.047  7.125  7.199  7.268  7.333  7.394  8.457  9.219  9.948 10.863 11.522
 15    4.167  4.836  5.252  5.556  5.796  5.994  6.162  6.309  6.438  6.555  6.660  6.756  6.845  6.927  7.003  7.074  7.141  7.204  7.264  8.294  9.034  9.742 10.632 11.274
 16    4.131  4.786  5.192  5.489  5.722  5.915  6.079  6.222  6.348  6.461  6.564  6.658  6.744  6.823  6.897  6.967  7.032  7.093  7.151  8.154  8.874  9.564 10.432 11.058
 17    4.099  4.742  5.140  5.430  5.659  5.847  6.007  6.147  6.270  6.380  6.480  6.572  6.656  6.733  6.806  6.873  6.937  6.997  7.053  8.031  8.734  9.408 10.257 10.869
 18    4.071  4.703  5.094  5.379  5.603  5.787  5.944  6.081  6.201  6.309  6.407  6.496  6.579  6.655  6.725  6.791  6.854  6.912  6.967  7.923  8.611  9.271 10.102 10.702
 19    4.046  4.669  5.054  5.334  5.553  5.735  5.889  6.022  6.141  6.246  6.342  6.430  6.510  6.585  6.654  6.719  6.780  6.837  6.891  7.828  8.501  9.148  9.964 10.553
 20    4.024  4.639  5.018  5.293  5.510  5.688  5.839  5.970  6.086  6.190  6.285  6.370  6.449  6.523  6.591  6.654  6.714  6.770  6.823  7.742  8.404  9.039  9.840 10.419
-----------------------------------------------------------------------------------------------------------------------------------------------------------------------------
 nu  k->  2      3      4      5      6      7      8      9     10     11     12     13     14     15     16     17     18     19     20     50    100    200    500   1000
-----------------------------------------------------------------------------------------------------------------------------------------------------------------------------
 21    4.004  4.612  4.986  5.257  5.470  5.646  5.794  5.924  6.038  6.140  6.233  6.317  6.395  6.467  6.534  6.596  6.655  6.710  6.762  7.665  8.315  8.940  9.728 10.299
 22    3.986  4.588  4.957  5.225  5.435  5.608  5.754  5.882  5.994  6.095  6.186  6.269  6.346  6.417  6.482  6.544  6.602  6.656  6.707  7.596  8.236  8.850  9.627 10.189
 23    3.970  4.566  4.931  5.195  5.403  5.573  5.718  5.844  5.955  6.054  6.144  6.226  6.301  6.371  6.436  6.497  6.553  6.607  6.658  7.533  8.163  8.769  9.535 10.089
 24    3.955  4.546  4.907  5.168  5.373  5.542  5.685  5.809  5.919  6.017  6.105  6.186  6.261  6.330  6.394  6.453  6.510  6.562  6.612  7.476  8.097  8.695  9.450  9.998
 25    3.942  4.527  4.885  5.144  5.347  5.513  5.655  5.778  5.886  5.983  6.070  6.150  6.224  6.292  6.355  6.414  6.469  6.522  6.571  7.423  8.036  8.626  9.373  9.913
 26    3.930  4.510  4.865  5.121  5.322  5.487  5.627  5.749  5.856  5.951  6.038  6.117  6.190  6.257  6.319  6.378  6.432  6.484  6.533  7.375  7.981  8.563  9.301  9.836
 27    3.918  4.495  4.847  5.101  5.300  5.463  5.602  5.722  5.828  5.923  6.008  6.087  6.158  6.225  6.287  6.344  6.399  6.450  6.498  7.330  7.929  8.505  9.235  9.764
 28    3.908  4.481  4.830  5.082  5.279  5.441  5.578  5.697  5.802  5.896  5.981  6.058  6.129  6.195  6.256  6.314  6.367  6.418  6.465  7.289  7.881  8.451  9.173  9.697
 29    3.898  4.467  4.814  5.064  5.260  5.420  5.556  5.674  5.778  5.871  5.955  6.032  6.103  6.168  6.228  6.285  6.338  6.388  6.435  7.251  7.837  8.401  9.116  9.635
 30    3.889  4.455  4.799  5.048  5.242  5.401  5.536  5.653  5.756  5.848  5.932  6.008  6.078  6.142  6.202  6.258  6.311  6.361  6.407  7.215  7.796  8.355  9.063  9.577
-----------------------------------------------------------------------------------------------------------------------------------------------------------------------------
 31    3.881  4.443  4.786  5.032  5.225  5.383  5.517  5.633  5.736  5.827  5.910  5.985  6.055  6.119  6.178  6.234  6.286  6.335  6.381  7.182  7.757  8.311  9.013  9.523
 32    3.873  4.433  4.773  5.018  5.210  5.367  5.500  5.615  5.716  5.807  5.889  5.964  6.033  6.096  6.155  6.211  6.262  6.311  6.357  7.151  7.721  8.270  8.966  9.472
 33    3.865  4.423  4.761  5.005  5.195  5.351  5.483  5.598  5.698  5.789  5.870  5.944  6.013  6.076  6.134  6.189  6.240  6.289  6.334  7.122  7.687  8.232  8.922  9.424
 34    3.859  4.413  4.750  4.992  5.181  5.336  5.468  5.581  5.682  5.771  5.852  5.926  5.994  6.056  6.114  6.169  6.220  6.268  6.313  7.094  7.656  8.196  8.881  9.379
 35    3.852  4.404  4.739  4.980  5.169  5.323  5.453  5.566  5.666  5.755  5.835  5.908  5.976  6.038  6.096  6.150  6.200  6.248  6.293  7.068  7.626  8.162  8.842  9.336
 36    3.846  4.396  4.729  4.969  5.156  5.310  5.439  5.552  5.651  5.739  5.819  5.892  5.959  6.021  6.078  6.132  6.182  6.229  6.274  7.044  7.598  8.130  8.805  9.296
 37    3.840  4.388  4.720  4.959  5.145  5.298  5.427  5.538  5.637  5.725  5.804  5.876  5.943  6.004  6.061  6.115  6.165  6.212  6.256  7.021  7.571  8.100  8.770  9.258
 38    3.835  4.381  4.711  4.949  5.134  5.286  5.414  5.526  5.623  5.711  5.790  5.862  5.928  5.989  6.046  6.099  6.148  6.195  6.239  7.000  7.546  8.071  8.737  9.221
 39    3.830  4.374  4.703  4.940  5.124  5.275  5.403  5.513  5.611  5.698  5.776  5.848  5.914  5.974  6.031  6.084  6.133  6.179  6.223  6.979  7.522  8.044  8.706  9.187
 40    3.825  4.367  4.695  4.931  5.114  5.265  5.392  5.502  5.599  5.685  5.764  5.835  5.900  5.961  6.017  6.069  6.118  6.165  6.208  6.960  7.499  8.018  8.676  9.154
-----------------------------------------------------------------------------------------------------------------------------------------------------------------------------
 48    3.793  4.324  4.644  4.874  5.052  5.198  5.322  5.428  5.522  5.606  5.681  5.750  5.814  5.872  5.926  5.977  6.024  6.069  6.111  6.834  7.352  7.850  8.482  8.942
 60    3.762  4.282  4.594  4.818  4.991  5.133  5.253  5.356  5.447  5.528  5.601  5.667  5.728  5.784  5.837  5.886  5.931  5.974  6.015  6.710  7.207  7.683  8.287  8.727
 80    3.732  4.241  4.545  4.763  4.931  5.069  5.185  5.284  5.372  5.451  5.521  5.585  5.644  5.698  5.749  5.796  5.840  5.881  5.920  6.588  7.062  7.517  8.092  8.510
120    3.702  4.200  4.497  4.709  4.872  5.005  5.118  5.214  5.299  5.375  5.443  5.505  5.561  5.614  5.662  5.708  5.750  5.790  5.827  6.466  6.919  7.350  7.895  8.290
240    3.672  4.160  4.450  4.655  4.814  4.943  5.052  5.145  5.227  5.300  5.366  5.426  5.480  5.530  5.577  5.621  5.661  5.699  5.735  6.347  6.776  7.185  7.697  8.068
Inf    3.643  4.120  4.403  4.603  4.757  4.882  4.987  5.078  5.157  5.227  5.290  5.348  5.400  5.448  5.493  5.535  5.574  5.611  5.645  6.228  6.636  7.020  7.499  7.844
-----------------------------------------------------------------------------------------------------------------------------------------------------------------------------
max.iterations =     51
